Issue;uploads;distros;authors;has_vcs;has_ci;has_bugz;
 #708;    157;    126;     50;    106;    58;      88;
 #707;    200;    150;     71;    148;    64;     116;
 #706;    203;    140;     61;    157;   103;      88;
 #488;    171;    137;     80;     94;    44;      66;
 #487;    201;    144;     82;    121;    61;      85;
 #486;    205;    138;     84;    121;    59;
 #475;    171;    122;     77;     88;    35;
 #474;    179;    125;     67;    107;    36;
 #473;    251;    168;     91;
 #472;    217;    160;     94;
 #471;    199;    156;     85;

